#Wavelength (nm) Flux (erg/cm^2/s/nm) Trappist SED from Wilson et al. 2021
       0.5     26.964020768819
       1.5     57.078670588927
       2.5     17.922154893973
       3.5     10.033618468434
       4.5     7.5237742838392
       5.5     6.8427167080624
       6.5        4.36928533908
       7.5     8.0784794280599
       8.5     2.7144032706126
       9.5     1.8758944913604
      10.5        1.73548607843
      11.5     2.3032057067369
      12.5     10.045841922158
      13.5     8.6035512391197
      14.5     1.3262055424615
      15.5     3.9183551886025
      16.5       9.866983674791
      17.5     34.371931419166
      18.5     210.18576327753
      19.5       72.29476421291
      20.5     17.097313780227
      21.5     37.351859326545
      22.5     79.901482023491
      23.5     25.890926422221
      24.5     89.834823884166
      25.5     11.479903944127
      26.5     342.61859563578
      27.5     3.3379539410612
      28.5     3.3875034528676
      29.5     3.3436788084492
      30.5     32.072750926574
      31.5     16.508999249504
      32.5     7.0502988709714
      33.5    0.96245324270894
      34.5     36.453297580851
      35.5     19.245002145849
      36.5     45.803992722847
      37.5    0.50208069497715
      38.5     5.0064315480199
      39.5     1.7212243563163
      40.5    0.55212866579411
      41.5     2.0562081639766
      42.5     1.8702032878479
      43.5        13.7467345844
      44.5     3.0345104089272
      45.5    0.55876066635727
      46.5     6.2590471067267
      47.5 0.063088866673934
      48.5    0.67687940655132
      49.5    0.13358222151459
      50.5    0.25399589101917
      51.5     1.0056615764935
      52.5 0.096325684666307
      53.5 0.040070388509637
      54.5    0.12498501508536
      55.5     5.6558154070296
      56.5        1.79169987895
      57.5    0.26390330657928
      58.5    0.94370539748313
      59.5 0.087731133866584
      60.5     1.0662157620386
      61.5 0.021017609752302
      62.5     11.497107215516
      63.5 0.067904563358598
      64.5     0.1000105102221
      65.5 0.093090909264575
      66.5    0.16507181211136
      67.5 0.077499916403288
 68.5     0.14559692302149
 70.5    0.021607870105964
 71.5    0.046049359495681
 72.5    0.064071269365871
 73.5    0.025987024139005
 74.5    0.039631308220325
 75.5    0.012324484378748
 76.5       1.1332654459518
 77.5      0.11506625927886
 78.5    0.019077964180909
 79.5    0.019777679048077
 80.5      0.15468647879896
 81.5    0.063587122302257
 82.5    0.018684113100504
 83.5       1.3005917581661
 84.5    0.040704855722486
 85.5      0.16346061001724
 86.5      0.02517871468851
 87.5    0.013798354402941
 88.5    0.014624857478195
 89.5      0.29202393099559
 90.5    0.082881618062357
 91.5    0.058947797191918
 92.5    0.011110100380257
 93.5    0.010783470605415
 94.5      0.36906375624928
 95.5    0.017044005782162
 96.5   0.0061504577562135
 97.5      0.79681034737992
 98.5    0.024421470025319
 99.5    0.076121356803798
100.5    0.015574499526996
101.5    0.012556693292612
102.5       2.6075553813121
103.5   0.0054722385522893
104.5   0.0063695508215421
105.5   0.0031102038941826
106.5    0.019140576950705
107.5   0.0088055701179942
108.5      0.12822085229296
109.5    0.002705413697406
110.5    0.017804192276424
111.5    0.017092488891223
112.5    0.016419012303779
113.5    0.015781431584455
114.5    0.015177574286728
115.5    0.014605414755874
116.5    0.014063063354831
117.5       4.4743342907135
118.5    0.013060847756464
119.5    0.012597798922971
120.5    0.012158343524974
121.5       598.80407409369
122.5    0.011343900303844
123.5    0.010966821268211
124.5    0.010608287532625
125.5    0.010267268214353
126.5   0.0099427975051414
127.5   0.0096339702293459
128.5   0.0093399376747484
129.5   0.0090599037569176
130.5   0.0087931214884942
131.5   0.0085388896491457
132.5   0.0082965497498983
133.5       2.3844082900487
134.5   0.0078451086614834
135.5   0.0076348796298947
136.5    0.007434282138412
137.5   0.0072428326796913
138.5   0.0070600762162851
140.5 0.0067189538103426
141.5   0.0065598044720155
142.5    0.006407778305369
143.5   0.0062625377983533
144.5   0.0061237647258812
145.5   0.0059911589647875
146.5    0.005864437385019
147.5   0.0057433328188638
148.5   0.0056275931021918
149.5   0.0055169801741497
150.5   0.0054112692356107
151.5   0.0053102479754178
152.5   0.0052137158279635
153.5   0.0051214833003712
154.5   0.0050333713243842
155.5    0.004949210669419
156.5   0.0048688413761087
157.5   0.0047921122410678
158.5   0.0047188803176264
159.5   0.0046490104768263
160.5   0.0045823749530497
161.5    0.004518852970097
162.5   0.0044583303482831
163.5   0.0044006991606457
164.5   0.0043458574027128
165.5   0.0042937086740214
166.5   0.0042441619087488
167.5   0.0041971310846505
168.5   0.0041525349832191
169.5   0.0041102969420106
170.5   0.0040703446361966
171.5   0.0040326098697584
172.5   0.0039970283802405
173.5   0.0039635396486248
174.5   0.0039320867312028
175.5   0.0039026161065108
176.5   0.0038750775062967
177.5    0.003849423796805
178.5   0.0038256108205909
179.5   0.0038035972973901
180.5   0.0037833446909412
181.5   0.0037648171098556
182.5   0.0037479812045706
183.5   0.0037328060676166
184.5   0.0037192631631115
185.5   0.0037073262164824
186.5   0.0036969711752953
187.5   0.0036881761025927
188.5   0.0036809211404354
189.5   0.0036751884240301
190.5   0.0036709620485855
191.5   0.0036682280198978
192.5    0.003666974164863
193.5   0.0036671901637164
194.5   0.0036688674343306
195.5   0.0036719991771105
196.5   0.0036765802210254
197.5   0.0036826071604023
198.5   0.0036900782380187
199.5   0.0036989931498559
200.5   0.0037093535567181
201.5   0.0037211624114139
202.5   0.0037344242787443
203.5   0.0037491457136431
204.5   0.0037653341653233
205.5   0.0037829995452787
206.5   0.0038021519020978
207.5   0.0038228043417311
208.5   0.0038449707140562
210.5 0.0038939117778349
211.5 0.0039207211726237
212.5   0.0039491183359873
213.5   0.0039791223960995
214.5   0.0040107600288741
215.5   0.0040440572286688
216.5   0.0040790341803409
217.5   0.0041157301568473
218.5   0.0041541739721765
219.5   0.0041943958874946
220.5   0.0042364152268246
221.5   0.0042803083766134
222.5   0.0043260554186605
223.5   0.0043737769525993
224.5   0.0044234102191947
225.5   0.0044751081525396
226.5   0.0045288053358711
227.5   0.0045846549810872
228.5    0.004642645070257
229.5   0.0047028546301804
230.5   0.0047653005861756
231.5   0.0048301548341877
232.5   0.0048972968637701
233.5   0.0049671511471858
234.5   0.0050390383630952
235.5   0.0051138092349407
236.5    0.005191249562672
237.5   0.0052712770054132
238.5   0.0053541829662036
239.5   0.0054400805324907
240.5   0.0055295861603189
241.5    0.005620411480268
242.5   0.0057154840264075
243.5   0.0058139343538856
244.5   0.0059164489596682
245.5   0.0060228439780884
246.5   0.0061286986873719
247.5   0.0062410196768918
248.5   0.0063563805470146
249.5   0.0064764493248584
250.5   0.0066012264623836
251.5   0.0067286145947037
252.5   0.0068598748362431
253.5   0.0069998844175059
254.5   0.0071398060599102
255.5    0.007293403377448
256.5    0.007434016946973
257.5   0.0075926227322921
258.5   0.0077534467445696
259.5   0.0079238515258194
260.5    0.008107123908766
261.5   0.0082767764171291
262.5   0.0084671117688095
263.5   0.0086666014397215
264.5   0.0088468783480883
265.5    0.009059484527397
266.5   0.0092680123178931
267.5   0.0094768716159928
268.5   0.0097143168444842
269.5   0.0099207702610231
270.5      0.01018534384247
271.5    0.010416034893694
272.5    0.010653517882883
273.5    0.010920423522964
274.5    0.011185822101961
275.5    0.011484938885273
276.5    0.011796295131662
277.5    0.012106122665346
279.5       18.080782434549
 280    0.012854959301248
280.5   0.013043165974712
 281    0.013219828278656

281.5   0.013392202711903
 282    0.013564955336353
282.5   0.013735266062819
 283    0.013908975538272
283.5   0.014084775320495
 284    0.014266065509842
284.5   0.014447684918968
 285    0.014637007002022
285.5   0.014833239388484
 286    0.015039798777402
286.5   0.015260448598985
 287    0.015490266254319
287.5   0.015710737999543
 288    0.016074532472498
288.5   0.016482526315053
 289    0.016757838233637
289.5   0.017143881922373
 290    0.017471134232425
290.5   0.018243287638317
 291    0.018519240216034
291.5   0.019045311606334
 292    0.021147323464836
292.5   0.021300423599007
 293    0.018388540102099
293.5   0.020507323374738
 294    0.020295881422774
294.5   0.019490907053903
 295    0.020062216624225
295.5   0.019629526296196
 296     0.02308535411477
296.5   0.021309965535533
 297    0.020771578641912
297.5   0.021009862274306
 298    0.024504101929285
298.5   0.021358190720092
 299    0.023706899447273
299.5   0.021954124382662
 300    0.022844636424391
300.5   0.023129897234981
 301    0.023391900729181
301.5   0.024820411527783
 302    0.023642656013627
302.5   0.024233066439875
 303    0.027528205520661
303.5   0.028004672464381
 304    0.026433526483261
304.5   0.027045251927146
 305    0.026655089571481
305.5   0.026435249859571
 306    0.026573270691087
306.5   0.032835248021066
 307     0.05583493765281
307.5   0.045681991980852
 308    0.032641593920717
308.5   0.030869024829571
 309    0.033215591622534
309.5    0.03065288537101
 310    0.033029937516812
310.5   0.046959430546855
 311    0.085598998314551
311.5     0.0421948652281
 312     0.20864914437145
312.5    0.29034868572494
 313     0.10615379254786
 314     0.31131711802837
314.5    0.37648139930667
 315      0.36881795586503
315.5     0.64781063995905
 316      0.14892437478162
316.5     0.71348984383436

 317       0.65719136802805
317.5      0.90718634569805
 318       0.72317756785367
318.5    0.044889312316074
 319       0.50243233931538
319.5      0.15235011733814
 320       0.14484755531951
320.5      0.42026284664647
 321       0.81287120427723
321.5    0.082175291785844
 322       0.61530584529035
322.5       0.2554919640779
 323        0.2358248445699
323.5    0.018494120188732
 324       0.58479145319318
324.5    0.089117294781454
 325     0.048474967843089
325.5       1.0933376356954
 326        1.6471688877804
326.5      0.84739726229499
 327       0.92909709680814
327.5   0.0090280258616401
 328       0.99822576917703
328.5      0.68872363575798
 329        1.2426660780655
329.5      0.88353954045622
 330       0.11383142518332
330.5    0.011540925449513
 331       0.44392263723174
331.5      0.48128963363433
 332       0.56524690000609
332.5       1.4004580357317
 333          1.218978630024
333.5      0.96768046359822
 334        1.9041718487918
334.5      0.61356519102857
 335       0.99306375600329
335.5      0.29855966625695
 336       0.83083653834508
336.5      0.56066447276302
 337    0.0067700941063856
337.5    0.018514760820144
 338       0.11452884592038
338.5      0.51938339130094
 339        0.2307013862154
339.5    0.024191161186222
 340       0.54621120986717
340.5      0.56810354798834
 341       0.17768303713312
341.5   0.0018051601776836
 342       0.19704059419969
342.5    0.013006040561609
 343       0.31285203146282
343.5   0.0065880256549169
 344     0.007462832922849
344.5   0.0023074721704821
 345       0.03839412481582
345.5    0.051410377392401
 346     0.012551422728703
346.5    0.043738400389032
 347     0.097588176592339
347.5      0.01542939970352
348.5    0.034675261643175
 349     0.042378703284508
349.5    0.030791223492665
 350     0.081960663008547
350.5      0.45806173645382
 351       0.16408970188925
351.5   0.0078079274695245
 352       0.14031417007536
352.5   0.0033855700139764
 353          0.067146356162
353.5       0.7897164076723
 354        1.9136827335432
354.5       1.7667722853645
 355       0.48177593844867
355.5      0.39730280326555
 356       0.27994707822396
356.5      0.22267515815501
 357     0.087908595690686
357.5    0.064279494785998
 358    0.0004828549757332
358.5    0.062045168198231
 359     0.047577961137702
359.5   0.0012597484915278
 360     0.074823714666283
360.5    0.011220593285659
 361     0.011570895524304
361.5      0.25966343912215
 362    0.0070806884079303
362.5      0.36087154938149
 363       0.58442574131366
363.5      0.46972075509283
 364        1.1184167710139
364.5      0.65319914388127
 365       0.07046519334661
365.5      0.28446858755875
 366        1.6050213942387
366.5      0.54442679924127
 367       0.29686952358385
367.5      0.23690586471707
 368     0.052827432854991
368.5      0.25790972915253
 369       0.53697027451206
369.5      0.45435053286774
 370       0.75075922111416
370.5    0.065652920655365
 371     0.064000518336402
371.5      0.13247386105959
 372    0.0046200444566919
372.5    0.038051097230358
 373       0.13811718794128
373.5    0.014579493585947
 374     0.018120198341251
374.5      0.02884266267558
 375    0.0074217351791912
375.5      0.23008808965473
 376       0.15108467060451
376.5    0.071311407502779
 377       0.96732310158803
377.5       1.4510627437459
 378        1.2100202958883
378.5      0.31977812237467
 379       0.94619977140905
379.5       0.5885757923218
 380       0.14638379268896
380.5       1.2509531638677
 381       0.77268107161425
381.5       0.8107051241551
 382        0.2698034308974
 383        0.2916140998584
383.5      0.11999569712586
 384       0.63460687557549
384.5      0.98104548536736
 385       0.58278298219977
385.5    0.19593963560483
 386    0.012292199562935
386.5    0.15610421062306
 387     0.58432506662023
387.5    0.38084522984661
 388    0.018477077161696
388.5     0.1929656394056
 389     0.18317445887141
389.5    0.29467297542242
 390    0.089298543878526
390.5    0.77810257788431
 391     0.77642803496521
391.5     0.8694218248036
 392     0.31467016723988
392.5    0.13485720375346
 393     0.28745037820632
393.5     4.2331374764848
 394      2.4666567911301
394.5   0.051272663694568
 395     0.25012364571854
395.5    0.42836021852445
 396     0.11830894072968
396.5    0.10004446165093
 397     0.30301176076739
397.5    0.48978333780131
 398      1.2306095362118
398.5     1.2585151698461
 399     0.94831149745612
399.5     1.6423124774252
 400     0.46652990900844
 401     0.89305575703416
 402      1.5355020505379
 403      0.3700819039466
 404     0.98542520851026
 405      1.2199533014637
 406      1.4885859680587
 407      1.3767512131609
 408     0.96698655935251
 409      1.2401829784404
 410      1.0685508133381
 411      1.0147276610992
 412     0.79983958847409
 413     0.82645367681148
 414     0.74538291932533
 415     0.71672241988242
 416     0.60232268526625
 417     0.51879333472256
 418     0.43368622449704
 419     0.31449541358599
 420     0.23324262589688
 421     0.20805697683686
 422     0.12125443884411
 423    0.023057117617358
 424      0.1858721472584
 425      0.3513910673845
 426     0.47173048961348
 427     0.76865730211041
 428      0.7521238111185
 429     0.16785000781337
 430     0.88754884584497
 431      1.9066984826239
 432      1.1962292657567
 433      2.9472029809825
 434      2.8993440406654
 436      3.6291887202447
 437      4.9271292314005
 438        2.125960304363
 439      4.9803408903641
 440      5.4733338276569
 441      2.7204606568148
442   8.0690108214533
443   4.6648158993054
444   5.3850528714967
445   6.1392628982614
446   5.4699040806894
447   5.5543408830385
448   7.1202869469345
449   6.8946187276553
450    9.932374109328
451   4.7691551866872
452   7.4094956487866
453   7.7603266236475
454    11.24768790893
455   4.8991899540124
456   9.9946978392014
457   12.879566683468
458    8.382805891374
459   2.8002162161167
460   5.0227064881843
461   7.0716262144705
462   10.972016071863
463   4.4320707847441
464   5.8032362012851
465   9.5031798734042
466   11.741514674811
467   3.8025271879428
468   5.7703150065157
469    11.30772085206
470   10.906924177081
471      17.4314614685
472      10.6737657747
473   10.280967616706
474   13.497425420792
475   19.078576391186
476   12.035690679725
477   1.7006696515082
478   2.9175109804299
479   6.1556686417033
480   3.0106690121774
481   0.7071132994101
482   1.6761448774347
483   2.7012611654916
484   8.6943214996196
485   2.3075067599312
486   3.6943676843195
487   5.4966051431103
488   8.5665838739004
489   21.699673229593
490   22.590533451385
491   21.291202003789
492   26.979298575658
493   26.876619563117
494   27.414346990075
495   29.905483224854
496    1.324145460779
497   7.3195210799972
498   3.8621848049528
499   9.8998961678986
500   5.6778827667499
501   3.7495648299063
502   2.7064725886457
503   7.0079495317568
504   3.1704088564686
506    10.18066149872
507   5.1716048074082
508   10.773013923888
509   8.7840279850369
510   8.0475898535396
511   7.1383300920604
512   1.3902477591556
513   3.3058015973488
514   5.1009145981193
515   4.2261259734244
516   5.9673973321024
517   1.0892135080396
518   2.1615943359089
519   4.1413466209557
520   8.9593184472141
521   1.2107905837035
522   16.802928102903
523   21.434330572525
524   21.133354915334
525   13.293619574129
526   21.473673520406
527   6.9491902123321
528   15.707825588707
529   18.831517486722
530   11.272265437831
531   17.952062049239
532   20.903233442694
533   4.1341998075588
534   18.527607623277
535   11.333121529932
536   17.497380966945
537   13.236135052718
538   16.335382949182
539   19.698503954715
540   14.164791826844
541   18.218239995905
542   18.760134146467
543    19.34045659854
544   18.336749991953
545   5.7570413760424
546   5.8092252761012
547    9.182267482382
548   8.9302268275859
549   12.243131488829
550    6.056378779839
551   7.0674787813274
552   7.5309336972605
553   11.799875174323
554   11.064603369282
555   13.067643361727
556   19.034339375186
557   7.9653938532233
558   13.503313316254
559   9.8989693269919
560   2.8729633424668
561   7.3852864775767
562   5.4302107066649
563   6.9139142409472
564   6.7727385617356
565   7.7169263969014
566   10.330021264252
567   7.6536825277885
568   7.6408555933771
569    7.615911705888
570   9.5876296645346
571   11.992146242432
572   9.6469673740736
573   9.3241059783453
574   10.197574558396
576   12.585188116299
577   10.657549909669
578   10.220712995139
579   10.708975956295
580   11.810155234133
581    11.60893746405
582   11.277339986109
583    9.8222035854102
584    8.5385160871015
585    4.7832862720606
586    5.6221762666804
587    4.7169566524698
588    2.6301565149407
589   0.37499506540929

590   0.84078291246208
591    2.7601682101132
592    3.7602664125184
593      4.294443312932
594    5.1307940962874
595    6.4031644752873
596    4.6681186507988
597    6.2278762020241
598    6.8156263310221
599    7.8692224161165
600    10.701582496239
601    9.7282161687186
602    9.4450898614112
603    11.958551369089
604      13.05225300657
605    15.802292190017
606      13.69018495427
607    16.625040744122
608    21.361868424764
609    15.966657237762
610    25.569500209774
611      26.69222489668
612    30.287216089254
613    30.080926194838
614    29.126727921111
615    28.049164382987
616    13.135726740238
617    6.5586151002224
618    8.9428112746399
619    5.6968490240661
620    6.5245793442709
621    7.5011840296786
622    4.9902454784397
623    4.6592282153103
624    5.6398835475504
625    7.0616602420191
626    7.9822653885222
627      8.284544827568
628    8.1752702927418
629    10.262753073502
630    12.457755118764
631    17.212782521481
632    16.897714680428
633    18.857326553948
634    19.540935111376
635    18.939084829739
636    15.900385199265
637    20.049128703805
638    18.419278559136
639    21.575353774313
640    25.739671592938
641    31.215128318698
642    21.248927117095
643    29.276084776517
645    24.165080221744
646    35.388879372612
647    57.653657581401
648      41.01550843072
649    22.253671840385
650    29.063509766893
651    23.926861554205
652    36.388805567275
653   39.320388596187
654    43.75277104395
655   39.699039305816
656   36.056539111409
657   34.775939981852
658   30.116084049467
659   51.163681788907
660   42.394627403101

661   29.240248917013
662    31.04911991769
663   27.762900326279
664   23.176938044329
665   28.489848485466
666   16.473015653075
667   23.276320372813
668   23.812926189148
669   18.346090208333
670    16.08247696696
671   15.043645280419
672   10.879294364762
673   14.555664469415
674   17.548957048376
675   10.806514221279
676   20.817497713943
677   25.325803276386
678    24.31149536925
679   17.633475745389
680   17.807992874047
681   27.571719048969
682   33.061808153282
683    28.06857468703
684   35.589859683763
685   33.363901238901
686   23.775717837158
687   30.292355733984
688    31.83059946379
689   30.214084162826
690   35.626019680974
691   49.691644289112
692   38.450903866455
693   44.518078585435
694   42.462823550801
695   47.564136255046
696   64.795587788021
697   78.520250225797
698   62.897244455553
699    106.0554795745
700   85.092435973505
701   98.602816608968
702   96.123076771518
703   109.32539402454
704   126.86298124488
705   172.64770895212
706   38.278388419821
707   41.192943479409
708   50.996082870392
709   8.6309456638546
710   20.211203048709
711    32.55662211658
712   33.778612156776
714   21.334779311388
715   22.817056641641
716   22.376168379274
717   27.423278133867
718    26.07942345051
719   43.906563320223
720   17.208227519351
721   26.868756383207
722   38.654083493844
723   50.154245663462
724   56.550029154509
725   80.970832093817
726   84.021613621413
727   130.50070575991
728       83.726742664
729    100.6839430932
730    148.5804469788
731   161.31677614534
732   169.69740467431
733   207.62876176209
734   230.38973047537
735   226.53695916599
736    229.8862439557
737   257.37690101358
738   265.01424549661
739   260.96642492245
740   304.19898853943
741   170.63841945639
742   228.55007838682
743   262.41862543333
744    249.9877582138
745   260.99821537972
746   233.02054503981
747   246.95396179996
748    303.8452045468
749   259.94814452534
750   297.11756660683
751   331.05850054415
752   337.49655454567
753    330.9252489196
754   328.18905738242
755   335.07150630317
756   415.39864830719
757   348.93132165534
758   346.94633699611
759   234.49840729614
760   233.42413716607
761   190.60242942252
762   228.51550782204
763   74.537286211169
764   94.186879590081
765    63.17279803203
766   24.994669503744
767   12.026399628908
768   40.713270366457
769   42.372134330677
770   8.2359031264593
771   39.497842242154
772   54.918739742158
773   85.298244289218
774   155.67159210628
775   129.33944129588
776   94.707861643175
777   100.36748068101
778   119.18681215115
779    140.1277982692
780   130.38274288018
781   196.88040037137
783   142.96663499082
784    169.5979063768
785   200.28394507668
786   185.80755067474
787    121.9654505469
788   190.30851277026
789   199.34194696952
790   193.31597051662
791   139.89089265062
792   181.89405499944
793   237.25627988516
794   145.09516480726
795   45.303081550838
796   229.38089901571
797   229.59595350998
798   284.79108186288
799   157.43914384719
800   248.94990880702
801   285.77805334309
802   298.35997363249
803   298.24563410835
804   339.37043051484
805   239.87472544674
806   360.56275855774
807   410.97619531072
808   432.47310383025
809   467.08383990195
810   480.61237865504
811   582.56000292484
812   584.28970681188
813   559.34093898166
814   596.45602781814
815   610.56397005459
816   617.74304669707
817   578.46041214801
818   438.16511702217
819   361.38900208236
820    283.6393249835
821   416.34608836299
822   464.63159029184
823   527.08193968959
824   545.00119615789
825   508.18569664489
826   604.90782126196
827   537.25677244811
828   481.60109122942
829   527.93082524118
830   462.66087526006
831    386.5242143649
832   482.62060920559
833   396.71669355987
834   475.82972579932
835         364.787664
836   502.49409431427
837   506.53629609667
838   336.27433360212
839    223.1252567074
840   462.04147074639
841   508.54531092622
842    549.6988852337
843   449.09259227611
844   321.40016684142
845   291.39534229584
846   179.41514053024
847   198.22905956135
848   281.81333945292
849   287.32150489729
850   263.52773781807
851   256.30101228564
853   249.57606200935
854   327.86827452533
855   355.64149335957
856   353.71375058557
857   340.11016923258
858   308.25693098134
859   384.14665627211
860   391.11394906466
861   370.49023537609
862    411.6954011262
863   504.27599850105
864   468.93509796919
865   374.43320010818
866   441.84387120938
867   470.54714682731
868   437.87420598649
869   390.03811345154
870   398.21029086252
871   532.67223943068
872   510.99376901893
873   546.74662740193
874   530.36585093101
875   528.10468541627
876   585.11327953536
877   535.00582670606
878   571.74347309854
879   620.59624642315
880   667.45436933185
881   588.67342508381
882   729.33154356061
883   603.07071150431
884   724.99084650686
885   683.01570377107
886   732.22001114155
887   514.53730004837
888   367.75003885914
889   337.51622750769
890   360.02368679524
891   506.36405388818
892   561.20205636227
893   430.25670792741
894   358.67501450391
895   418.72618649501
896   451.79006641997
897   514.89483518509
898   524.17679546575
899   457.17392528967
900   499.26894060001
901   564.27954600747
902   496.11600094771
903   545.04840409992
904   644.51706737579
905   620.89600746058
906     605.916943584
907   682.44480881398
908   785.25357730706
909   703.58455067374
910   715.81165196959
911   724.27799880607
912   796.08918209645
913   811.45261169004
914   839.97695367192
915   750.68690482975
916   892.87391700196
917   857.02355035717
918   802.53285529717
919   910.36817539626
920   945.84633961677
921   669.71548100232
923   741.52406145054
924   701.39425850326
925   635.20232777268
926   691.16729585052
927   688.34922197961
928   572.39910400526
929   675.16006315005
930   625.29355303083
931   652.96260949993
932   651.61468825408
933   677.24106721442
934   679.79638871496
935   661.15125989781
936    595.70798808757
937    606.81777669825
938    638.00006930203
939     672.0359327194
940    756.59125383181
941     786.5333988282
942    690.26114006868
943    746.85529860213
944    662.55906322621
945     679.0640776885
 946   781.47716869145
 947   752.60835170888
 948   798.23577526215
 949   778.34193651206
 950    803.2577763996
 951   759.89755619104
 952   775.19605399159
 953   804.09821928926
 954    776.1717330219
 955   723.82014569952
 956   785.16648768291
 957   792.91178630734
 958   769.60122287229
 959   756.42218249636
 960   698.83461630237
 961   767.23351953831
 962   772.30295568215
 963   803.96445195015
 964   524.63998414458
 965   423.00327917346
 966   792.12922807513
 967   728.13623021412
 968   750.06192953847
 969   781.91061845017
 970   863.13207060433
 971   748.08668494554
 972   763.42638224528
 973   627.68922716623
 974   680.69400618664
 975   733.72969845727
 976   793.38384982846
 977   781.61718786438
 978   836.21677264037
 979   515.25088118105
 980   796.76833441798
 981   626.80553220319
 982   756.54696003047
 983   777.13935708359
 984   769.88119318127
 985   782.17843812759
 986   830.41415292309
 987    839.7536087064
 988   851.17321457571
 989   834.74590898121
 990   723.23158508209
 991   497.97490186311
 993   613.85070591636
 994   869.71121675197
 995   895.71826805288
 996   727.39969235055
 997   834.74741007283
 998   868.47630434755
 999   865.60981256633
1000   696.43021719187
1001   670.44586848597
1002   841.31690978164
1003   720.44112585241
1004   657.85548572869
1005    805.8075866542
1006   807.17499211066
1007   831.19351417899
1008   755.20830221425
1009   809.29934491533
1010   783.52820132405
1011   805.02542402881
1012   691.06494064181
1013   679.11461595284
1014   884.45042919584
1015   613.91556824616
1016   704.06978947957
1017   871.23590678782
1018   794.26159323911
1019   836.01430685037
1020   819.68882200671
1021   952.84381898165
1022   903.57632846604
1023   722.40707459543
1024    840.0104481597
1025   788.12491631205
1026   782.36544970833
1027   849.18139824399
1028   800.97442502736
1029   840.49714432954
1030   811.43898846193
1031   969.58806660987
1032   724.17006433336
1033   834.76201458285
1034   792.18535564685
1035   770.10234922906
1036   829.33199113768
1037   910.41014592899
1038   836.06750793427
1039   868.12884469308
1040   533.12750823612
1041   923.26578214255
1042   929.11177323003
1043   740.99027020243
1044   937.88387990382
1045    905.3645334827
1046   887.48502889714
1047   699.23036207282
1048   690.83243844849
1049   802.85326230363
1050   779.05778898765
1051   866.10679654975
1052   862.44264780522
1053    860.8848045997
1054   863.57880506148
1055   680.45531254663
1056   796.85650592846
1057   655.83351656316
1058   772.79521451894
1059   825.04149736386
1060   817.64220624742
1061   705.98198262875
1063   791.45128004735
1064   752.79458444961
1065   802.70944893457
1066   915.21831538614
1067   647.08280041386
1068   673.00683163788
1069   895.49760768741
1070   977.63732764865
1071   901.65046831672
1072   913.74876155969
1073   732.95528150188
1074   801.57751442946
1075    920.5652845338
1076   921.08583709706
1077    864.0869947271
1078   880.09171649837
1079   924.68108781942
1080   828.16678271518
1081   975.35973533404
1082   949.17406095005
1083   962.96526050715
1084   979.90125390971
1085   861.41909319331
1086   912.14442377655
1087   897.04021700075

1088   957.44480012227
1089   907.47209515976
1090   952.71537208557
1091   867.12192697846
1092   942.31972103438
1093   984.25554382939
1094   989.69264323241
1095   952.02296619128
1096   944.58634933008
1097   955.25011008337
1098   937.17022724046
1099   876.05342689362
1100   905.53368546068
1101   843.40971680497
1102   871.24072102244
1103   904.20510541144
1104    807.3710291366
1105   734.50588357817
1106   860.72019674828
1107   777.02144112824
1108   774.50873430864
1109   770.53154929491
1110    743.5963178681
1111   855.97802936876
1112   932.98965269816
1113   770.81169193322
1114   833.47804006593
1115   889.39811083767
1116   825.08000780463
1117   851.67338871241
1118   878.98601088716
1119     849.720575666
1120   703.34503945164
1121   845.21292307743
1122   893.21650133399
1123   905.20705404158
1124   932.05808501566
1125   965.80980771396
1126   923.18714181346
1127   922.20074957864
1128   904.76102525889
1129   853.02312859818
1131    923.2889872355
1132    882.9437475992
1133   846.36519002777
1134   832.40661664929
1135    835.4955251295
1136   810.78831821674
1137   790.48399795924
1138   636.97043523097
1139   695.79006677154
1140   663.01197268172
1141   500.80223064722
1142   808.50440495525
1143   855.41138629346
1144   812.22195432685
1145   880.77579918666
1146   920.83747195426
1147   929.82281819684
1148   841.79896151849
1149    963.5253087723
1150    907.1641996828
1151   878.58052284341
1152   776.38811744143
1153   907.69148756366
1154   777.87948069214
1155   902.19339667886
1156   904.71878932099
1157   917.06523046395
1158   887.44506446869

1159   838.27361521273
1160   952.16619820987
1161   759.59732427802
1162   886.05559663649
1163   935.06503889236
1164   875.26300356222
1165   885.90026877997
1166   889.22169533953
1167   895.94813911553
1168   894.12330685042
1169   602.64066634237
1170   742.21174320636
1171   844.96251434711
1172   843.43775909272
1173   897.63835442158
1174   725.03497224026
1175   815.61525089945
1176   814.99065617529
1177   610.54694950221
1178   510.44873362135
1179   794.98120348124
1180   781.22276931106
1181    828.0851480206
1182   856.91227619204
1183   822.70704519796
1184   842.08140340971
1185   846.36171012718
1186   826.78542569919
1187   768.41357174883
1188   819.00192630037
1189   858.11171370627
1190   876.96569764058
1191   855.71192595715
1192   863.91645746893
1193    868.7271118938
1194   755.69591361812
1195   794.28462456447
1196   874.38562685128
1197   820.12022353116
1198   770.51436210215
1200   838.03399581646
1201   880.26136818477
1202   852.01428461095
1203   831.89671182597
1204   897.52780200237
1205    769.7381556051
1206   902.95573938136
1207   804.33468212976
1208   871.74919028091
1209   785.38135198666
1210   928.63425602944
1211     865.368127846
1212   918.17928000197
1213   854.97881048771
1214   931.09119153286
1215    923.7983028616
1216   903.58266564914
1217   885.61883094573
1218   937.26379509579
1219   889.73582491949
1220   853.31004013047
1221   934.39270351921
1222   910.09938042165
1223    879.9658608701
1224   882.09418418284
1225   910.63573601839
1226   885.83346946234
1227   913.63100715734
1228   896.01175395436
1229    924.2735527646
1230   929.55777120054
1231   898.00033007798
1232   902.75134547956
1233   912.85597360098
1234    911.9127010866
1235   932.63866485299
1236   880.39669756848
1237   897.74471691259
1238   927.45812683338
1239   860.09571682107
1240   854.17344714445
1241   722.43485917065
1242   806.38548458317
1243   764.06224643054
1244   733.11737751745
1245   851.23597414757
1246   900.25277352922
1247   858.20582608122
1248   875.30621266963
1249   857.57051782255
1250   857.87264658844
1251   886.31789929013
1252   727.28528087997
1253   729.26372816535
1254   898.25288958114
1255   891.71319957677
1256   874.24344414668
1257   871.16225499532
1258   858.31816864622
1259   802.99488278097
1260   849.23837437383
1261   866.76366173845
1262   854.90602417001
1263   849.46602020839
1264   841.25154348126
1265   853.51261812415
1266   898.96477152461
1267   906.10319603512
1269   902.63849453404
1270    879.3710933911
1271   891.64927544798
1272   844.53865963752
1273   871.28298149686
1274   882.19636153662
1275   873.33005129443
1276   878.24072813065
1277   857.03541913462
1278   849.60712696318
1279   893.06516525802
1280   866.47494869104
1281   887.99373761655
1282   868.33801120706
1283   892.06635416565
1284   842.56573358886
1285   768.11337616156
1286   817.77243028346
1287   865.91736510227
1288   901.22061433126
1289   902.30208206021
1290   836.74718056457
1291   847.26523277841
1292   885.05542252836
1293   878.69218520719
1294   845.11528898692
1295   806.32677404193
1296   907.01577488849
1297   877.60811218889
1298   851.14327299317
1299   871.54144508101
1300   896.76741626371
1301   861.04377395471
1302   891.49525972369
1303    886.5203082739
1304   877.67473867196
1305   869.49322942007
1306   896.99709806029
1307    853.4034198607
1308    840.0790694547
1309   843.75821106618
1310   879.21453890821
1311   863.31258635803
1312   805.39530999931
1313   727.28962207467
1314   845.22240620535
1315    822.9409392455
1316    850.6836611772
1317   810.17968049535
1318   801.70127068737
1319   840.14366804838
1320   885.13843133867
1321   847.52357580984
1322     819.581483972
1323   835.03308856825
1324   804.22085027905
1325   827.35561836249
1326   810.16613388749
1327   773.76722491188
1328   711.44364151435
1329   831.05410234795
1330   816.38880367589
1331   832.64258075973
1332   608.04989360636
1333   742.47870896666
1334   663.14758453909
1335   424.79855924318
1336   555.98143275736
1337   653.65721102823
1339   579.79559888984
1340   391.00395816128
1341   621.55645191295
1342   633.58509039097
1343   577.57316670036
1344   578.43099221886
1345   767.53879752724
1346   733.04161358173
1347   596.33229858896
1348   534.56475825923
1349   393.16392257984
1350   635.29256370189
1351   581.88687192118
1352   465.38351628729
1353   581.04102411175
1354   518.34680645333
1355   356.12700031964
1356   582.46228212348
1357    372.4314380167
1358   533.75747396411
1359   614.89219273877
1360    691.7137202839
1361   623.64349231252
1362   437.92026537343
1363   528.48771038103
1364   640.15720443609
1365   459.54748306831
1366   514.49511977735
1367   662.17347399243
1368   480.90989527871
1369     627.755252943
1370   515.01508040666
1371   420.74707415588
1372     650.939425032
1373   627.32758045925
1374   519.07794174296
1375   460.62623027995
1376   535.55216146445
1377   474.64411818513
1378   444.48718598534
1379   625.65946274859
1380   584.66302744137
1381   545.43555147305
1382   580.39527489341
1383   514.86074924168
1384   649.86155093457
1385   633.91518607732
1386   529.89468855211
1387   486.28919668405
1388   558.45451972016
1389   378.96280972639
1390   351.63722101011
1391   481.23639097208
1392   583.51553581402
1393   586.63664102058
1394   464.27315055576
1395    422.8984429633
1396   620.77220152104
1397   574.66951456931
1398   510.07447753253
1399   462.42966741471
1400   370.42816922284
1401   415.52336697286
1402   626.91270017526
1403   450.36147848652
1404   391.42838274278
1405   245.93246650089
1406   633.61380140385
1407   507.05009461527
1409   370.15315846466
1410   603.69052377245
1411   552.32194088796
1412   531.27457983282
1413   549.53515374957
1414   579.40420667136
1415   509.44642486553
1416   519.05595775016
1417   424.28206712631
1418   341.19885087708
1419    244.3390545498
1420   298.13279714255
1421   487.74258911187
1422   367.94442914106
1423   580.40183318651
1424   384.76232480996
1425   341.08573773225
1426   356.04892941848
1427   416.23001870163
1428   518.73549367798
1429   214.86725618718
1430   399.83438025005
1431   536.21718372328
1432   399.32401149239
1433   461.84027815347
1434   406.16183694958
1435   596.26610948093
1436   535.64056076001
1437   440.36426999741
1438   323.26291620302
1439   545.74349795387
1440   422.75252366345
1441   386.31461929818
1442   533.64393637386
1443   505.18317115563
1444   435.25844292791
1445   407.54614181921
1446   503.77168835985
1447   474.13935861953
1448   342.98491402501
1449   412.96024353556
1450   438.74099550468
1451   360.73265204497
1452   444.61786819962
1453    496.2308918515
1454   480.06772870689
1455   558.66172966553
1456   455.17576006622
1457   306.57862222638
1458   566.80584981616
1459   450.70734332544
1460   487.59083476679
1461   502.82578779926
1462   524.01963611939
1463   223.68876605785
1464   460.19755059583
1465    514.0085732625
1466   423.78034745505
1467   480.46708144576
1468   467.29730552951
1469   422.04818451922
1470   535.28013551107
1471   515.89353714875
1472   412.64668509664
1473   492.13004449771
1474   387.43254806258
1475   548.10042922285
1476   502.86394995822
1477   435.43823536863
1479   475.68170005183
1480   403.78345103474
1481    464.6237256093
1482   458.96515293046
1483    443.3184467244
1484    545.3146761539
1485   353.22005371431
1486   449.54405760513
1487   554.47070909334
1488    459.9906558872
1489   403.36355345562
1490   349.05532141949
1491   466.35647215008
1492   505.38141928938
1493     473.123159753
1494   425.04106169046
1495   490.29149717298
1496    463.7363948548
1497   552.06775984042
1498   446.20709494962
1499   549.04472747736
1500   478.48196355993
1501     398.686148777
1502   376.10196543008
1503   517.57539894632
1504   482.70838646165
1505   522.62338289472
1506   434.89454321606
1507   507.37481821235
1508   564.41521010409
1509   496.41840382347
1510   458.00114300344
1511   537.00599509905
1512     497.016515884
1513   498.10541156125
1514   442.18608548851
1515   520.57078324327
1516   548.64085471156
1517   415.36007395615
1518    436.6289948494
1519   492.93735480199
1520   500.01995531863
1521   568.51999971895
1522    419.3404454045
1523   539.83930000725
1524   528.36438939701
1525    463.3961051237
1526   471.09233837176
1527   513.63049062036
1528   418.91223331337
1529   574.40684475963
1530   500.38764049544
1531   581.53398086911
1532   400.13890309348
1533   427.26936619691
1534   562.38173464187
1535   443.88228484655
1536   511.32085923665
1537   483.65489796832
1538   522.50784721771
1539   551.46594848199
1540   500.37543581289
1541    437.2587166303
1542   511.17097523882
1543   551.70183954319
1544   433.79046294179
1545   541.30170595926
1546   481.65239717428
1548    484.2095589422
1549   444.38030073068
1550   577.44359637382
1551    473.6741390712
1552   517.86705936358
1553   493.47614972559
1554   560.90577792383
1555   537.91329096565
1556   489.76776531468
1557   525.31105447649
1558   512.29468669412
1559   512.67850117077
1560   519.59226526983
1561   511.21293801814
1562   576.69925373216
1563   547.80562768137
1564   537.58345652614
1565    548.3127607987
1566   473.40053591442
1567   572.27521099805
1568   559.97309201528
1569   487.37726037062
1570   485.95970971891
1571   545.43827528062
1572   497.51595219238
1573   567.32941929843
1574   568.06241557117
1575   482.98165757715
1576   572.47725691207
1577   565.26661209164
1578   486.67751504337
1579   563.70803021008
1580    547.2959747821
1581   534.02137986025
1582   553.15458943832
1583    581.4658562422
1584   497.47191534102
1585   517.76700045861

1586   538.00004575016
1587   575.36549705364
1588   573.13486267215
1589   595.77718923385
1590   519.22679511465
1591   543.52709487841
1592   531.35791789275
1593     569.394448705
1594   557.99847455867
1595   577.34501120545
1596   553.72942972243
1597   573.15926783649
1598   591.46086807542
1599    559.0277990161
1600   609.12022740094
1601   606.92109947665
1602   588.14969442511
1603   586.24877117886
1604   546.66153998969
1605   538.01635880774
1606   551.08435551707
1607   607.51073179208
1608   580.24747916964
1609   604.45548549024
1610   558.03983088114
1611    586.6001341746
1612   540.31357456276
1613   621.25723365399
1614   597.20588065377
1615   576.14504209659
1617   555.75613120935
1618   614.41695841295
1619   564.44637870407
1620   525.95313370036
1621   579.22807389833
1622   574.89384924261
1623   523.21040855768
1624   552.50662253565
1625   581.29879607537
1626   537.63311767405
1627   574.93368161849
1628   611.67793481125
1629   586.94201329328
1630   570.34752103787
1631    531.9225881074
1632    578.8981527364
1633   580.46330676906
1634   588.11074470808
1635   572.24998118933
1636   583.16238431701
1637    590.9134826723
1638   599.09073786597
1639    595.0526448668
1640   587.50587336485
1641   579.72493285768
1642   584.83280316853
1643   552.33713266929
1644   594.92914019292
1645   619.92246969488
1646   588.19517042438
1647   605.73673223827
1648   599.69016788516
1649   609.37572520538
1650   587.81045780951
1651   611.17354354019
1652   600.89871321753
1653   591.92652569578
1654   576.34311845469
1655   585.43007192274
1656   610.88477114234

1657   630.52675512146
1658   599.99435244713
1659   585.46877532278
1660   611.80655757358
1661   579.62909955691
1662   583.42072888774
1663   614.11715035358
1664   581.64733557634
1665   590.51584226584
1666   583.47096752229
1667   578.03065386251
1668   560.74917082712
1669   605.10653812524
1670   570.48874377593
1671   615.35488299446
1672   603.26427179472
1673   620.27073644484
1674   605.97140329557
1675   611.43516573714
1676   600.67753508303
1677   584.93679145618
1678   600.98797209327
1679   607.37622963984
1680   610.26339907614
1681   597.68191339821
1682   616.72794246126
1683   603.60781160266
1684   591.29447339346
1686   598.56738389003
1687   541.54361239094
1688    601.9222740286
1689   592.32158138839
1690   575.47863759667
1691   565.67592255615
1692   557.93870053812
1693   598.38178458135
1694   606.57559093166
1695    580.1124319273
1696   547.82607951892
1697   579.95623433198
1698   568.18744667692
1699   595.31758808436
1700   563.15926495858
1701   515.10076126938
1702   588.81084233062
1703   527.30261003697
1704   501.19462514519
1705   545.39727061167
1710   556.46871417019
1715   528.85408108257
1720   482.30682510641
1725   530.52236284308
1730   406.70023748247
1735   351.91494529845
1740   456.05534130109
1745   449.96418009947
1750   501.42576068292
1755   499.19386772252
1760   341.58556511456
1765   452.27347569162
1770   442.82578542801
1775   239.58526432692
1780   397.64537651866
1785   318.33765457393
1790   360.12288503705
1795   300.65062845555
1800   207.72795997587
1805   275.93047098817
1810    335.9187854663
1815   138.76298175225
1820    345.7876577774
1825   361.60262902191
1830   331.65959937044
1835    229.9718864356
1840    277.8022308901
1845   226.25619800977
1850   256.11391862583
1855   144.46715444274
1860   277.57240613906
1865   163.83978924863
1870   269.68813473307
1875   288.78950320087
1880   220.83040709364
1885   327.48123892354
1890   301.94337517678
1895   253.62759817441
1900   272.38517204946
1905   342.39387484867
1910   290.08604742313
1915   321.07821456404
1920   219.08490176934
1925   224.17675781887
1930   301.68049974325
1935   289.56151070856
1940    263.5932509713
1945   171.94513379969
1955   186.17490850568
1960   236.07500400808
1965   207.87287126853
1970   239.17226727937
1975   296.54607593083
1980   235.05494045165
1985   191.14086956826
1990   189.78115868846
1995   148.64373543934
2000   112.96603956855
2005   207.78656652425
2010   275.43080287954
2015   272.70012591332
2020   155.16965978842
2025   203.80188370112
2030   240.24714136722
2035   243.33111268063
2040   220.91448330539
2045   160.47576626328
2050   190.68029713844
2055    287.1776513138
2060   246.91867488573
2065   223.92651676928
2070   217.32458644754
2075    247.7640201494
2080   275.24083612695
2085    269.8686880402
2090   219.08819723063
2095   220.03001728799
2100   236.85667935111
2105   248.01931487234
2110   264.35073591738
2115    263.2883802092
2120   274.45659053435
2125   287.86636267958
2130   245.02689018496
2135   272.94195337769
2140   230.92438133583
2145   277.32860270241
2150   216.37939938193
2155   274.51856727202
2160    276.1623153527
2165    278.3165809852
2170   276.40434305076
2175   275.00219240675
2180   278.51776633943
2185   270.33962534908
2190    263.9689631872
2195   274.69254213695
2200   263.29084970711
2205   257.47906089165
2210     251.442548535
2215   275.63922468649
2220   260.40655642846
2225   269.38051741178
2230   260.32298394879
2235   264.16704111885
2240   268.09389764239
2245   256.40309658193
2250   264.59409294374
2255   241.99920838471
2260   267.82885548275
2265   267.59398889697
2270   264.67710240568
2275   268.49990521601
2280   260.51479427368
2285   259.12623278867
2290   264.73778192771
2295   137.94685538987
2305   224.12135756727
2310   187.92841061381
2315   91.695440117042
2320   222.55877080679
2325   209.52513876001
2330   217.82074489521
2335   221.23462016491
2340   227.50189318672
2345   151.62584499176
2350   213.20021375125
2355   210.46337735798
2360   212.98317359604
2365   220.44845742288
2370   143.60222038351
2375   186.07239520731
2380   209.88092283751
2385   201.22172434867
2390   196.78487353124
2395   174.47387343117
2400   143.85378515835
2405   156.00568545629
2410    116.0392386397
2415   151.74644019974
2420   108.37243408205
2425   152.37707673827
2430   165.74029428655
2435   178.21636471311
2440   120.09169579842
2445   124.08741026128
2450    112.4459359024
2455       93.280740019
2460   60.200535609579
2465   95.665995333896
2470   101.76126430273
2475   55.010690140706
2480   121.85769293913
2485   141.47801034509
2490   124.61776109601
2495   123.97677879391
2500   134.47497391237
2505   101.50915475095
2510   116.42091615802
2515   78.361675067539
2520   123.41257716883
2525   131.46309378999
2530   102.10175616349
2535   116.38916159277
2540   97.991070508447
2545   91.144846629154
2550   78.969501885924
2555    110.8248456762
2560    69.41627592837
2565   106.29682460018
2570    58.90986675851
2575   94.086910872578
2580   116.57073389878
2585   68.733150561817
2590   82.985776386098
2595   75.892566839367
2600   109.45578720691
2605   83.428788166465
2610   100.11123784884
2615   106.15176566265
2620   62.755297424141
2625    93.46785623189
2630   100.71349103884
2635   101.46996679911
2640   99.521362847931
2645   84.655194772648
2655   108.03877835783
2660   121.56596649312
2665   88.233773225956
2670   97.172074742325
2675   82.062009351429
2680   79.094003078568
2685   103.34119268436
2690    129.6785971145
2695   74.106686949344
2700    80.98697614263
2705   40.013929979823
2710   93.780209041709
2715   88.743821063594
2720   70.286556732295
2725   69.478158925909
2730   107.45033429617
2735    34.31524605424
2740   78.297275606383
2745   53.979642525794
2750   51.747501594649
2755   40.820585247895
2760    61.23335229402
2765   73.118685978183
2770   78.331532072237
2775   97.621673051685
2780   70.428084929513
2785   73.639427447135
2790     69.2674843492
2795   59.999355687169
2800   71.890220180759
2805   71.433914889028
2810    82.87393996533
2815   67.638546357034
2820   50.713811786734
2825   64.409513872275
2830   74.394778652928
2835   74.917372647952
2840   68.470186284669
2845    67.55715442909
2850   85.394166959978
2855   70.211917024617
2860   50.374941609811
2865   91.947074155661
2870   58.978844614344
2875   73.479544592403
2880   63.074449154595
2885   69.167751709675
2890   45.125366454271
2895   71.834430649387
2900   47.536808120881
2905   64.004442536735
2910   34.704357107249
2915    70.07359351053
2920    63.37989416059
2925   64.117908552263
2930   63.900579926025
2935   60.588852092984
2940    60.67965792148
2945   53.043117343197
2950   77.268505368705
2955   54.350366506247
2960   64.101985639899
2965   67.619477248073
2970   65.189563728734
2975   41.543603594975
2980   36.110458440052
2985    80.47526966443
2990   67.226508299183
2995   70.366384642225
3005   52.721340623842
3010   27.201098217575
3015   88.413756985149
3020   85.870529460965
3025   55.269148375422
3030   62.707609912861
3035   37.423332461194
3040   70.956670350894
3045   54.975088435224
3050   41.238233267606
3055   76.662201390804
3060    60.25612968498
3065   64.474054292269
3070   63.302592599846
3075   50.891436942882
3080   63.588800577959
3085   41.643909609862
3090   52.001629666144
3095   55.012696849572
3100   52.785566680263
3105   58.629018986619
3110   55.853054133879
3115   43.003972729404
3120   42.005076021958
3125   66.985738735743
3130    63.18280697804
3135   45.754640928583
3140   65.710362129186
3145   52.910155004142
3150    54.93949194404
3155   66.590500012004
3160   53.526913526975
3165   61.554720267916
3170   50.062953745345
3175   66.185370381225
3180   68.202368914962
3185   53.438834887631
3190    67.58654834877
3195    51.10881309637
3200   71.208286728777
3205   54.575398841884
3210   61.598115171267
3215   62.063857164534
3220   53.731675385465
3225   62.256173739173
3230   61.959023157796
3235   66.876775547678
3240   62.482276456118
3245   66.556452130428
3250   67.978153342094
3255   66.665445956354
3260   70.903282167473
3265    46.22475658898
3270   54.403461417778
3275   65.149697159092
3280   50.058826260979
3285   63.931318992771
3290   47.540830665177
3295   67.055103794889
3300   62.737513402168
3305   61.245212404002
3310   60.743149675096
3315   58.269368948043
3320   50.030555242008
3325   74.956448563341
3330   60.206212422448
3335   69.936525630358
3340     70.9212206129
3350   57.770846919063
3355   60.382819864787
3360   54.882849168322
3365    58.49814192881
3370   66.495782601951
3375   52.403811021519
3380   43.933134020589
3385   43.881523160098
3390   57.764193998785
3395   63.572208532264
3400   64.001857614626
3405   65.029677850325
3410   51.263965052079
3415   60.776205556451
3420   59.344438946957
3425   57.673710438615
3430   67.543386225277
3435   69.022980539715
3440    60.79240071073
3445   59.349960654502
3450   61.654166448078
3455   59.877655300931
3460   52.714480594098
3465   36.152455911424
3470   64.060281600857
3475   38.364944256699
3480   65.708452227319
3485   54.626659554522
3490   54.886582050627
3495   69.557850110146
3500   62.296809630724
3505   49.328895957148
3510   58.406438296858
3515    65.04793334978
3520   58.573627272278
3525   64.917847871838
3530   60.535418721033
3535   61.627819264568
3540   65.553925271612
3545   54.333884676629
3550   58.335035489887
3555   53.625618912685
3560   59.694701829087
3565   44.209765202233
3570   57.666424576558
3575   48.562089764593
3580   60.718667038313
3585    56.14435121172
3590   58.623422699179
3595   56.059490917585

3600   59.871163363632
3605   58.004694671037
3610   62.969699298611
3615   54.751347030291
3620   57.635707638183
3625   63.757296799592
3630     55.7092646713
3635   56.339517341826
3640   58.790454079371
3645   55.466405500906
3650   39.811379107282
3655   47.894629637671
3660   54.954497442248
3665   48.419530580246
3670   57.184622544134
3675   56.061362498986
3680   49.957805060324
3685   59.250414705373
3695   53.795793743483
3700   52.464926733502
3705   57.364682259302
3710   53.554130461634
3715    53.78540415822
3720   59.988225097647
3725   57.921383807222
3730   56.955685093903
3735   54.752346916753
3740   54.699599320692
3745   53.095747676166
3750   57.797197576716
3755   58.525143824568
3760   59.280803081239
3765   55.515836784654
3770   57.086919716827
3775   57.107770739769
3780   55.400033189885
3785   56.246930463257
3790   48.912502176758
3795   57.148076908708
3800   50.609607321683
3805   49.626859790127
3810   46.872215271871
3815   46.415146495777
3820   51.736703584805
3825   54.807627279597
3830   47.967402348827
3835   51.971646376474
3840   51.037013200519
3845   56.465369753572
3850   44.850805645299
3855   53.397331386187
3860   53.727323180263
3865   54.981008996489
3870   53.969092414188
3875   49.173197178889
3880   54.138821363848
3885    51.92032418448
3890   49.143731758528
3895   53.251125704108
3900   51.332012535146
3905   50.555385813153
3910   48.263668702435
3915   41.837482583591
3920   48.179633631191
3925    48.46688512309
3930   51.967424831101
3935   49.429802017454
3940   46.034536705338
3945      50.8355275135
3950   47.407416878952
3955   49.246688698053
3960   51.043401487438
3965    47.48200865828
3970   49.180282022029
3975   42.761471401809
3980   46.543162137902
3985   46.570576210066
3990   43.484522200955
3995   50.171953489036
4000   45.459288786502
4020   45.242720349438
4040   42.857240526599
4060   37.052112449777
4080   40.627443117144
4100   44.315254322319
4120   42.282310235672
4160   38.279833207262
4180   39.209241662363
4200    33.53588574401
4220   21.447790992458
4240   24.726331741288
4260   30.813708397389
4280   31.510677232606
4300      24.3102885839
4320   28.343757489225
4340    25.73562046528
4360   24.867045903216
4380   25.522406124137
4400   25.788902141256
4420   21.123556141749
4440   12.443885073871
4460   22.109607347885
4480   21.374392744442
4500   18.160969697064
4520   17.445447258793
4540   20.294413955623
4560    18.36907009497
4580   15.830738661253
4600   22.144796229031
4620   17.699997959975
4640   17.656852034746
4660   8.7622305420333
4680   19.457445113728
4700   8.0493762016448
4720   14.492382345184
4740   15.244221440216
4760   20.772403471989
4780   16.423609532692
4800   18.488633026123
4820   17.460715668716
4840   12.188663338762
4860   19.294232549947
4880    15.47277517979
4900   16.091448769422
4920   13.444456262239
4940   18.668869651022
4960   12.938129094956
4980   12.748660181361
5000   14.091298102881
5050   15.815654979422
5100   17.502966166233
5150   6.8806154294162
5200   12.557909969629
5250   12.140566236627
5300   14.511105601146
5350   12.574822068343
5400   13.025266408422
5450   9.8207048730124
5500   9.7142512373038
5550   10.589953720635
5600   10.611383623264
5650   9.5447931719899
5700   8.0692948154665
5750   10.842677621674
5800   9.2528828926541
5850   8.6063231239585
5900   7.8398520164134
5950    7.717076515889
6000   10.335284732014
6050   7.3899103902404
6100   7.5413843402784
6150   5.2125119593432
6200   6.2873960762315
6250   7.0420945937889
6300   7.4434832955826
6400   8.1399641403448
6450   4.0749086257173
6500   5.3271133220175
6550   6.6041239477746
6600   3.2539005538437
6650   5.2511922730078
6700    4.203316740989
6750    4.596862366602
6800   4.0371365255941
6850    3.452746065702
6900   5.5209906256511
6950   2.7406599364849
7000   4.5245448606132
7050   4.3756567397876
7100   2.1657087143152
7150   3.0277103354173
7200   3.8226792191213
7250    4.061746162941
7300   4.1185064547527
7350   3.6799074394971
7400   4.1031762939609
7450   2.1775662449158
7500   3.3511753890668
7550   3.9567309948139
7600    3.102987248875
7650   3.6584994122384
7700   3.5016459414767
7750    2.751493150556
7800   3.3517488076247
7850   3.6923986770528
7900   2.9028828387656
7950   3.1618206408384
  8000     2.4697485008235
  8050     2.9275822916316
  8100     2.1726897651481
  8150     2.8861838475021
  8200     2.7425915717946
  8250     2.8562079565814
  8300     2.6289055498981
  8350     2.4413049965636
  8400     2.2413781194315
  8450     2.4522308029992
  8500     2.4064520396523
  8550     2.3937766355445
  8600       2.153811752511
  8650     2.3380036356581
  8700     1.8527221790283
  8750     1.5288588640527
  8800     2.2043868682112
  8850     1.8509562288225
  8900     2.3251818918021
  8950     1.9719322101665
  9000     1.9499694309213
  9050     1.5729131447504
  9100     2.0269707036128
  9150     1.8550340261695
  9200     1.8240724785768
  9250     1.8065009099534
  9300     1.8163372674098
  9350     1.8401277662422
  9400     1.5209810155979
  9450     1.8152590492273
  9500     1.7290769088432
  9550     1.7146098224296
  9600     1.5496435512455
  9650     1.5755792247924
  9700     1.3179669344045
  9750       1.656208970405
  9800     1.6028116542483
  9900     1.3550504694508
  9950        1.44071839979
 10000       1.482197125603
 11000    0.92924012273813
 12000    0.70503753933529
 13000    0.52795337740221
 14000    0.36533830747431
 15000    0.24101758509292
 16000    0.21121561725052
 17000    0.16841455769793
 18000    0.15341120074606
 19000 0.085444641121924
 20000 0.085580027758014
 25000 0.034664038868289
 30000 0.018543772975029
 35000 0.0096881049868896
 40000 0.0059918152498534
 50000 0.0025485269806276
 60000 0.0011662750589313
 80000 0.0004566367955604
1000000.00018512303384765

